Cout total du credit;1371704.00
Numero;Capital Rembourse;Capital Restant Du;Amortissement;Interet;Mensualite;Cout Total
1;3525.19;996474.81;3525.19;3333.33;6858.52;1371704.00
2;3536.94;992937.88;3536.94;3321.58;6858.52;1371704.00
3;3548.73;989389.15;3548.73;3309.79;6858.52;1371704.00
4;3560.56;985828.59;3560.56;3297.96;6858.52;1371704.00
5;3572.42;982256.17;3572.42;3286.10;6858.52;1371704.00
6;3584.33;978671.84;3584.33;3274.19;6858.52;1371704.00
7;3596.28;975075.55;3596.28;3262.24;6858.52;1371704.00
8;3608.27;971467.29;3608.27;3250.25;6858.52;1371704.00
9;3620.30;967846.99;3620.30;3238.22;6858.52;1371704.00
10;3632.36;964214.63;3632.36;3226.16;6858.52;1371704.00
11;3644.47;960570.16;3644.47;3214.05;6858.52;1371704.00
12;3656.62;956913.54;3656.62;3201.90;6858.52;1371704.00
13;3668.81;953244.73;3668.81;3189.71;6858.52;1371704.00
14;3681.04;949563.69;3681.04;3177.48;6858.52;1371704.00
15;3693.31;945870.38;3693.31;3165.21;6858.52;1371704.00
16;3705.62;942164.76;3705.62;3152.90;6858.52;1371704.00
17;3717.97;938446.79;3717.97;3140.55;6858.52;1371704.00
18;3730.36;934716.43;3730.36;3128.16;6858.52;1371704.00
19;3742.80;930973.63;3742.80;3115.72;6858.52;1371704.00
20;3755.27;927218.36;3755.27;3103.25;6858.52;1371704.00
21;3767.79;923450.56;3767.79;3090.73;6858.52;1371704.00
22;3780.35;919670.21;3780.35;3078.17;6858.52;1371704.00
23;3792.95;915877.26;3792.95;3065.57;6858.52;1371704.00
24;3805.60;912071.66;3805.60;3052.92;6858.52;1371704.00
25;3818.28;908253.38;3818.28;3040.24;6858.52;1371704.00
26;3831.01;904422.37;3831.01;3027.51;6858.52;1371704.00
27;3843.78;900578.60;3843.78;3014.74;6858.52;1371704.00
28;3856.59;896722.00;3856.59;3001.93;6858.52;1371704.00
29;3869.45;892852.56;3869.45;2989.07;6858.52;1371704.00
30;3882.34;888970.21;3882.34;2976.18;6858.52;1371704.00
31;3895.29;885074.93;3895.29;2963.23;6858.52;1371704.00
32;3908.27;881166.66;3908.27;2950.25;6858.52;1371704.00
33;3921.30;877245.36;3921.30;2937.22;6858.52;1371704.00
34;3934.37;873310.99;3934.37;2924.15;6858.52;1371704.00
35;3947.48;869363.51;3947.48;2911.04;6858.52;1371704.00
36;3960.64;865402.87;3960.64;2897.88;6858.52;1371704.00
37;3973.84;861429.02;3973.84;2884.68;6858.52;1371704.00
38;3987.09;857441.93;3987.09;2871.43;6858.52;1371704.00
39;4000.38;853441.55;4000.38;2858.14;6858.52;1371704.00
40;4013.71;849427.84;4013.71;2844.81;6858.52;1371704.00
41;4027.09;845400.74;4027.09;2831.43;6858.52;1371704.00
42;4040.52;841360.23;4040.52;2818.00;6858.52;1371704.00
43;4053.99;837306.24;4053.99;2804.53;6858.52;1371704.00
44;4067.50;833238.74;4067.50;2791.02;6858.52;1371704.00
45;4081.06;829157.68;4081.06;2777.46;6858.52;1371704.00
46;4094.66;825063.02;4094.66;2763.86;6858.52;1371704.00
47;4108.31;820954.71;4108.31;2750.21;6858.52;1371704.00
48;4122.00;816832.71;4122.00;2736.52;6858.52;1371704.00
49;4135.74;812696.96;4135.74;2722.78;6858.52;1371704.00
50;4149.53;808547.43;4149.53;2708.99;6858.52;1371704.00
51;4163.36;804384.07;4163.36;2695.16;6858.52;1371704.00
52;4177.24;800206.83;4177.24;2681.28;6858.52;1371704.00
53;4191.16;796015.67;4191.16;2667.36;6858.52;1371704.00
54;4205.13;791810.53;4205.13;2653.39;6858.52;1371704.00
55;4219.15;787591.38;4219.15;2639.37;6858.52;1371704.00
56;4233.22;783358.17;4233.22;2625.30;6858.52;1371704.00
57;4247.33;779110.84;4247.33;2611.19;6858.52;1371704.00
58;4261.48;774849.36;4261.48;2597.04;6858.52;1371704.00
59;4275.69;770573.67;4275.69;2582.83;6858.52;1371704.00
60;4289.94;766283.73;4289.94;2568.58;6858.52;1371704.00
61;4304.24;761979.49;4304.24;2554.28;6858.52;1371704.00
62;4318.59;757660.90;4318.59;2539.93;6858.52;1371704.00
63;4332.98;753327.91;4332.98;2525.54;6858.52;1371704.00
64;4347.43;748980.49;4347.43;2511.09;6858.52;1371704.00
65;4361.92;744618.57;4361.92;2496.60;6858.52;1371704.00
66;4376.46;740242.11;4376.46;2482.06;6858.52;1371704.00
67;4391.05;735851.06;4391.05;2467.47;6858.52;1371704.00
68;4405.68;731445.38;4405.68;2452.84;6858.52;1371704.00
69;4420.37;727025.01;4420.37;2438.15;6858.52;1371704.00
70;4435.10;722589.91;4435.10;2423.42;6858.52;1371704.00
71;4449.89;718140.02;4449.89;2408.63;6858.52;1371704.00
72;4464.72;713675.30;4464.72;2393.80;6858.52;1371704.00
73;4479.60;709195.70;4479.60;2378.92;6858.52;1371704.00
74;4494.53;704701.16;4494.53;2363.99;6858.52;1371704.00
75;4509.52;700191.65;4509.52;2349.00;6858.52;1371704.00
76;4524.55;695667.10;4524.55;2333.97;6858.52;1371704.00
77;4539.63;691127.47;4539.63;2318.89;6858.52;1371704.00
78;4554.76;686572.71;4554.76;2303.76;6858.52;1371704.00
79;4569.94;682002.76;4569.94;2288.58;6858.52;1371704.00
80;4585.18;677417.59;4585.18;2273.34;6858.52;1371704.00
81;4600.46;672817.13;4600.46;2258.06;6858.52;1371704.00
82;4615.80;668201.33;4615.80;2242.72;6858.52;1371704.00
83;4631.18;663570.15;4631.18;2227.34;6858.52;1371704.00
84;4646.62;658923.53;4646.62;2211.90;6858.52;1371704.00
85;4662.11;654261.42;4662.11;2196.41;6858.52;1371704.00
86;4677.65;649583.77;4677.65;2180.87;6858.52;1371704.00
87;4693.24;644890.53;4693.24;2165.28;6858.52;1371704.00
88;4708.88;640181.65;4708.88;2149.64;6858.52;1371704.00
89;4724.58;635457.06;4724.58;2133.94;6858.52;1371704.00
90;4740.33;630716.73;4740.33;2118.19;6858.52;1371704.00
91;4756.13;625960.60;4756.13;2102.39;6858.52;1371704.00
92;4771.98;621188.62;4771.98;2086.54;6858.52;1371704.00
93;4787.89;616400.73;4787.89;2070.63;6858.52;1371704.00
94;4803.85;611596.88;4803.85;2054.67;6858.52;1371704.00
95;4819.86;606777.01;4819.86;2038.66;6858.52;1371704.00
96;4835.93;601941.08;4835.93;2022.59;6858.52;1371704.00
97;4852.05;597089.03;4852.05;2006.47;6858.52;1371704.00
98;4868.22;592220.81;4868.22;1990.30;6858.52;1371704.00
99;4884.45;587336.36;4884.45;1974.07;6858.52;1371704.00
100;4900.73;582435.63;4900.73;1957.79;6858.52;1371704.00
101;4917.07;577518.56;4917.07;1941.45;6858.52;1371704.00
102;4933.46;572585.10;4933.46;1925.06;6858.52;1371704.00
103;4949.90;567635.20;4949.90;1908.62;6858.52;1371704.00
104;4966.40;562668.80;4966.40;1892.12;6858.52;1371704.00
105;4982.96;557685.84;4982.96;1875.56;6858.52;1371704.00
106;4999.57;552686.27;4999.57;1858.95;6858.52;1371704.00
107;5016.23;547670.04;5016.23;1842.29;6858.52;1371704.00
108;5032.95;542637.09;5032.95;1825.57;6858.52;1371704.00
109;5049.73;537587.36;5049.73;1808.79;6858.52;1371704.00
110;5066.56;532520.79;5066.56;1791.96;6858.52;1371704.00
111;5083.45;527437.34;5083.45;1775.07;6858.52;1371704.00
112;5100.40;522336.95;5100.40;1758.12;6858.52;1371704.00
113;5117.40;517219.55;5117.40;1741.12;6858.52;1371704.00
114;5134.45;512085.10;5134.45;1724.07;6858.52;1371704.00
115;5151.57;506933.53;5151.57;1706.95;6858.52;1371704.00
116;5168.74;501764.78;5168.74;1689.78;6858.52;1371704.00
117;5185.97;496578.81;5185.97;1672.55;6858.52;1371704.00
118;5203.26;491375.56;5203.26;1655.26;6858.52;1371704.00
119;5220.60;486154.96;5220.60;1637.92;6858.52;1371704.00
120;5238.00;480916.95;5238.00;1620.52;6858.52;1371704.00
121;5255.46;475661.49;5255.46;1603.06;6858.52;1371704.00
122;5272.98;470388.51;5272.98;1585.54;6858.52;1371704.00
123;5290.56;465097.95;5290.56;1567.96;6858.52;1371704.00
124;5308.19;459789.75;5308.19;1550.33;6858.52;1371704.00
125;5325.89;454463.87;5325.89;1532.63;6858.52;1371704.00
126;5343.64;449120.23;5343.64;1514.88;6858.52;1371704.00
127;5361.45;443758.77;5361.45;1497.07;6858.52;1371704.00
128;5379.32;438379.45;5379.32;1479.20;6858.52;1371704.00
129;5397.26;432982.19;5397.26;1461.26;6858.52;1371704.00
130;5415.25;427566.95;5415.25;1443.27;6858.52;1371704.00
131;5433.30;422133.65;5433.30;1425.22;6858.52;1371704.00
132;5451.41;416682.24;5451.41;1407.11;6858.52;1371704.00
133;5469.58;411212.67;5469.58;1388.94;6858.52;1371704.00
134;5487.81;405724.85;5487.81;1370.71;6858.52;1371704.00
135;5506.10;400218.75;5506.10;1352.42;6858.52;1371704.00
136;5524.46;394694.29;5524.46;1334.06;6858.52;1371704.00
137;5542.87;389151.42;5542.87;1315.65;6858.52;1371704.00
138;5561.35;383590.07;5561.35;1297.17;6858.52;1371704.00
139;5579.89;378010.19;5579.89;1278.63;6858.52;1371704.00
140;5598.49;372411.70;5598.49;1260.03;6858.52;1371704.00
141;5617.15;366794.55;5617.15;1241.37;6858.52;1371704.00
142;5635.87;361158.68;5635.87;1222.65;6858.52;1371704.00
143;5654.66;355504.02;5654.66;1203.86;6858.52;1371704.00
144;5673.51;349830.52;5673.51;1185.01;6858.52;1371704.00
145;5692.42;344138.10;5692.42;1166.10;6858.52;1371704.00
146;5711.39;338426.70;5711.39;1147.13;6858.52;1371704.00
147;5730.43;332696.27;5730.43;1128.09;6858.52;1371704.00
148;5749.53;326946.74;5749.53;1108.99;6858.52;1371704.00
149;5768.70;321178.04;5768.70;1089.82;6858.52;1371704.00
150;5787.93;315390.12;5787.93;1070.59;6858.52;1371704.00
151;5807.22;309582.90;5807.22;1051.30;6858.52;1371704.00
152;5826.58;303756.32;5826.58;1031.94;6858.52;1371704.00
153;5846.00;297910.32;5846.00;1012.52;6858.52;1371704.00
154;5865.49;292044.84;5865.49;993.03;6858.52;1371704.00
155;5885.04;286159.80;5885.04;973.48;6858.52;1371704.00
156;5904.65;280255.14;5904.65;953.87;6858.52;1371704.00
157;5924.34;274330.81;5924.34;934.18;6858.52;1371704.00
158;5944.08;268386.72;5944.08;914.44;6858.52;1371704.00
159;5963.90;262422.83;5963.90;894.62;6858.52;1371704.00
160;5983.78;256439.05;5983.78;874.74;6858.52;1371704.00
161;6003.72;250435.33;6003.72;854.80;6858.52;1371704.00
162;6023.74;244411.59;6023.74;834.78;6858.52;1371704.00
163;6043.81;238367.78;6043.81;814.71;6858.52;1371704.00
164;6063.96;232303.82;6063.96;794.56;6858.52;1371704.00
165;6084.17;226219.64;6084.17;774.35;6858.52;1371704.00
166;6104.45;220115.19;6104.45;754.07;6858.52;1371704.00
167;6124.80;213990.38;6124.80;733.72;6858.52;1371704.00
168;6145.22;207845.17;6145.22;713.30;6858.52;1371704.00
169;6165.70;201679.46;6165.70;692.82;6858.52;1371704.00
170;6186.26;195493.21;6186.26;672.26;6858.52;1371704.00
171;6206.88;189286.33;6206.88;651.64;6858.52;1371704.00
172;6227.57;183058.77;6227.57;630.95;6858.52;1371704.00
173;6248.32;176810.44;6248.32;610.20;6858.52;1371704.00
174;6269.15;170541.29;6269.15;589.37;6858.52;1371704.00
175;6290.05;164251.24;6290.05;568.47;6858.52;1371704.00
176;6311.02;157940.23;6311.02;547.50;6858.52;1371704.00
177;6332.05;151608.17;6332.05;526.47;6858.52;1371704.00
178;6353.16;145255.01;6353.16;505.36;6858.52;1371704.00
179;6374.34;138880.68;6374.34;484.18;6858.52;1371704.00
180;6395.58;132485.09;6395.58;462.94;6858.52;1371704.00
181;6416.90;126068.19;6416.90;441.62;6858.52;1371704.00
182;6438.29;119629.90;6438.29;420.23;6858.52;1371704.00
183;6459.75;113170.14;6459.75;398.77;6858.52;1371704.00
184;6481.29;106688.86;6481.29;377.23;6858.52;1371704.00
185;6502.89;100185.97;6502.89;355.63;6858.52;1371704.00
186;6524.57;93661.40;6524.57;333.95;6858.52;1371704.00
187;6546.32;87115.08;6546.32;312.20;6858.52;1371704.00
188;6568.14;80546.95;6568.14;290.38;6858.52;1371704.00
189;6590.03;73956.92;6590.03;268.49;6858.52;1371704.00
190;6612.00;67344.92;6612.00;246.52;6858.52;1371704.00
191;6634.04;60710.88;6634.04;224.48;6858.52;1371704.00
192;6656.15;54054.73;6656.15;202.37;6858.52;1371704.00
193;6678.34;47376.40;6678.34;180.18;6858.52;1371704.00
194;6700.60;40675.80;6700.60;157.92;6858.52;1371704.00
195;6722.93;33952.86;6722.93;135.59;6858.52;1371704.00
196;6745.34;27207.52;6745.34;113.18;6858.52;1371704.00
197;6767.83;20439.69;6767.83;90.69;6858.52;1371704.00
198;6790.39;13649.30;6790.39;68.13;6858.52;1371704.00
199;6813.02;6836.28;6813.02;45.50;6858.52;1371704.00
200;6836.28;0.00;6836.28;22.79;6858.52;1371704.00
